London - 100000 iterations

Probabilities of good hands:
5,6,7,
0.46517,0.61364,0.62051,

hand sizes/types,#TheNutz,stirNutz,double amulet,t3/4 titan,solid keep,
7,0.06038,0.15694,0.03328,0.13975,0.23016,
6,0.05558,0.15045,0.03312,0.13941,0.23508,
5,0.02039,0.11817,0.0372,0.12525,0.16416,


After Draw
Probabilities of good hands:
5,6,7,
0.51827,0.68517,0.78129,

hand sizes/types,#TheNutz,stirNutz,double amulet,t3/4 titan,solid keep,
7,0.1297,0.2361,0.03531,0.17292,0.20726,
6,0.10188,0.21471,0.03584,0.16317,0.16957,
5,0.04528,0.16937,0.03962,0.14849,0.11551,


After Draw & Thoughtseize
Probabilities of good hands:
5,6,7,
0.34709707295425163,0.489513551381409,0.5920080891858337,

hand sizes/types,#TheNutz,stirNutz,double amulet,t3/4 titan,solid keep,
7,0.1660075004159787,0.3021925277425796,0.04519448604231464,0.22132626809507353,0.26527921770405355,
6,0.14869302508866414,0.3133674854415692,0.05230818628953399,0.23814527781426506,0.24748602536596756,
5,0.08736758832268894,0.32679877284041137,0.07644663978235283,0.2865108920060972,0.22287610704844965,

p of good hand by 5
0.92072
p of improvement after draw
7,6,5
[0.30799, 0.19533, 0.13721]
p of good hand after draw
0.96644

Thoughtseize Probabilities
7,6,5,Hurt Keepable Hand
[0.44874, 0.47524, 0.39965]
Broke Keepable Hand
[0.31876, 0.34977, 0.33838]
Broke Kept hand
0.4110913198366496
