London - 100000 iterations

Probabilities of good hands:
5,6,7,
0.4649,0.61357,0.62004,

hand sizes/types,#TheNutz,stirNutz,double amulet,t3/4 titan,solid keep,
7,0.06161,0.1589,0.03277,0.13658,0.23018,
6,0.05592,0.15083,0.03337,0.13581,0.23764,
5,0.02095,0.11856,0.03618,0.12645,0.16276,


After Draw
Probabilities of good hands:
5,6,7,
0.51818,0.68542,0.77988,

hand sizes/types,#TheNutz,stirNutz,double amulet,t3/4 titan,solid keep,
7,0.13127,0.2362,0.03512,0.16976,0.20753,
6,0.1031,0.21505,0.03562,0.15944,0.17221,
5,0.04709,0.16739,0.03885,0.14992,0.11493,


After Draw & Thoughtseize
Probabilities of good hands:
5,6,7,
0.35012929869929366,0.4944267748241954,0.5902446530235421,

hand sizes/types,#TheNutz,stirNutz,double amulet,t3/4 titan,solid keep,
7,0.16832076729753295,0.30286710776016823,0.045032569113196905,0.21767451402779914,0.2661050418013028,
6,0.1504187213679204,0.3137492340462782,0.05196813632517289,0.23261649791368796,0.25124741034694054,
5,0.0908757574587981,0.3230344667876028,0.07497394727700799,0.28932031340460845,0.2217955150719827,

p of good hand by 5
0.92082
p of improvement after draw
7,6,5
[0.14461, 0.12479, 0.08414]
p of good hand after draw
0.96752

Thoughtseize Probabilities
7,6,5,Hurt Keepable Hand
[0.45193, 0.47273, 0.39835]
Broke Keepable Hand
[0.31956, 0.34653, 0.33675]
Broke Kept hand
0.6522338784995981
