Paris - 100000 iterations

Probabilities of good hands:
5,6,7,
0.1273,0.38285,0.62095,

hand sizes/types,#TheNutz,stirNutz,double amulet,t3/4 titan,solid keep,
7,0.05976,0.1576,0.03276,0.13812,0.23271,
6,0.01848,0.07258,0.02527,0.08455,0.18197,
5,0.00204,0.01806,0.01366,0.03405,0.05949,


After Draw
Probabilities of good hands:
5,6,7,
0.3817,0.61822,0.78218,

hand sizes/types,#TheNutz,stirNutz,double amulet,t3/4 titan,solid keep,
7,0.13091,0.23597,0.03442,0.17147,0.20941,
6,0.06043,0.15844,0.03363,0.1359,0.22982,
5,0.01809,0.07485,0.02466,0.08533,0.17877,


After Draw & Thoughtseize
Probabilities of good hands:
5,6,7,
0.20028818443804033,0.4051470350360713,0.5880360019432868,

hand sizes/types,#TheNutz,stirNutz,double amulet,t3/4 titan,solid keep,
7,0.16736556802781968,0.3016824771791659,0.04400521619064665,0.21922063975044107,0.26772609885192666,
6,0.09774837436511274,0.25628417068357545,0.05439811070492705,0.21982465788877745,0.3717446863576073,
5,0.04739324076499869,0.19609641079381712,0.06460571129159025,0.22355252816347917,0.46835210898611473,

p of good hand by 5
0.7961
p of improvement after draw
7,6,5
[0.30943, 0.33423, 0.286]
p of good hand after draw
0.94844

Thoughtseize Probabilities
7,6,5,Hurt Keepable Hand
[0.45356, 0.42515, 0.31544]
Broke Keepable Hand
[0.32223, 0.36775, 0.30525]
Broke Kept hand
0.20157015450320312
