London - 100000 iterations

Probabilities of good hands:
5,6,7,
0.46455,0.61468,0.61945,

hand sizes/types,#TheNutz,stirNutz,double amulet,t3/4 titan,solid keep,
7,0.06093,0.15649,0.03429,0.13582,0.23192,
6,0.05525,0.15374,0.03392,0.13607,0.2357,
5,0.02037,0.11962,0.03601,0.12563,0.16292,


After Draw
Probabilities of good hands:
5,6,7,
0.75792,0.77991,0.78046,

hand sizes/types,#TheNutz,stirNutz,double amulet,t3/4 titan,solid keep,
7,0.13166,0.23569,0.03654,0.16851,0.20806,
6,0.11009,0.231,0.04079,0.17686,0.22117,
5,0.06378,0.20999,0.04658,0.1879,0.24967,


After Draw & Thoughtseize
Probabilities of good hands:
5,6,7,
0.2554623179227359,0.4473464886974138,0.5885631550623991,

hand sizes/types,#TheNutz,stirNutz,double amulet,t3/4 titan,solid keep,
7,0.16869538477308255,0.30198857084283626,0.04681854291059119,0.21591112933398252,0.2665863721395075,
6,0.14115731302329756,0.29618802169481095,0.05230090651485428,0.2267697554846072,0.28358400328243,
5,0.08415136162127929,0.27706090352543805,0.06145767363310112,0.24791534726620224,0.3294147139539793,

p of good hand by 5
0.92176
p of improvement after draw
7,6,5
[0.30945, 0.29, 0.37757]
p of good hand after draw
0.98809

Thoughtseize Probabilities
7,6,5,Hurt Keepable Hand
[0.45259, 0.55756, 0.62491]
Broke Keepable Hand
[0.32111, 0.43102, 0.5643]
Broke Kept hand
0.4069497483075855
