London - 100000 iterations

Probabilities of good hands:
5,6,7,
0.77953,0.85537,0.85498,

hand sizes/types,twolandCreature,goodhand,keepable,
7,0.38861,0.40193,0.06444,
6,0.38815,0.40343,0.06379,
5,0.0,0.46205,0.31748,


After Draw
Probabilities of good hands:
5,6,7,
0.86663,0.90747,0.91911,

hand sizes/types,twolandCreature,goodhand,keepable,
7,0.56262,0.31922,0.03727,
6,0.50509,0.36992,0.03246,
5,0.0948,0.68808,0.08375,


After Draw & Thoughtseize
Probabilities of good hands:
5,6,7,
0.6732400216932255,0.8946080862177263,0.9393434953378812,

hand sizes/types,twolandCreature,goodhand,keepable,
7,0.6121356529686327,0.34731424965455715,0.040550097376810174,
6,0.5565914024706051,0.4076388200160887,0.035769777513306227,
5,0.10938924339106655,0.7939720526637666,0.09663870394516691,

p of good hand by 5
0.99568
p of improvement after draw
7,6,5
[0.18428, 0.13079, 0.23953]
p of good hand after draw
0.9991

Thoughtseize Probabilities
7,6,5,Hurt Keepable Hand
[0.18647, 0.3044, 0.37977]
Broke Keepable Hand
[0.05575, 0.09564, 0.28318]
Broke Kept hand
0.3183251647115539
