London - 100000 iterations

Probabilities of good hands:
5,6,7,
0.71956,0.71925,0.7202,

hand sizes/types,theNutz,good_mix,landsAndSpells,
7,0.12306,0.2051,0.39204,
6,0.12174,0.20785,0.38966,
5,0.1236,0.0,0.59596,


After Draw
Probabilities of good hands:
5,6,7,
0.81895,0.81885,0.82008,

hand sizes/types,theNutz,good_mix,landsAndSpells,
7,0.19448,0.27978,0.34582,
6,0.19132,0.27159,0.35594,
5,0.18818,0.1505,0.48027,


After Draw & Thoughtseize
Probabilities of good hands:
5,6,7,
0.6299651993406191,0.8023203272882702,0.8790361915910643,

hand sizes/types,theNutz,good_mix,landsAndSpells,
7,0.23714759535655058,0.3411618378694761,0.42169056677397326,
6,0.23364474567991694,0.3316724674848873,0.4346827868351957,
5,0.22978203797545638,0.18377190304658403,0.5864460589779595,

p of good hand by 5
0.97817
p of improvement after draw
7,6,5
[0.2119, 0.19975, 0.26741]
p of good hand after draw
0.99442

Thoughtseize Probabilities
7,6,5,Hurt Keepable Hand
[0.19204, 0.31438, 0.34853]
Broke Keepable Hand
[0.0992, 0.16187, 0.30304]
Broke Kept hand
0.31066174591328705
