London - 100000 iterations

Probabilities of good hands:
5,6,7,
0.72242,0.71759,0.71876,

hand sizes/types,theNutz,good_mix,landsAndSpells,
7,0.12045,0.20464,0.39367,
6,0.12165,0.20686,0.38908,
5,0.1237,0.0,0.59872,


After Draw
Probabilities of good hands:
5,6,7,
0.78799,0.80095,0.8192,

hand sizes/types,theNutz,good_mix,landsAndSpells,
7,0.18978,0.28174,0.34768,
6,0.18557,0.26787,0.34751,
5,0.1775,0.14006,0.47043,


After Draw & Thoughtseize
Probabilities of good hands:
5,6,7,
0.6376223048515844,0.8123478369436294,0.88033447265625,

hand sizes/types,theNutz,good_mix,landsAndSpells,
7,0.2316650390625,0.3439208984375,0.4244140625,
6,0.2316873712466446,0.33444035208190276,0.4338722766714527,
5,0.22525666569372707,0.17774337237782206,0.5969999619284508,

p of good hand by 5
0.97877
p of improvement after draw
7,6,5
[0.11217, 0.09826, 0.16938]
p of good hand after draw
0.99253

Thoughtseize Probabilities
7,6,5,Hurt Keepable Hand
[0.18903, 0.30375, 0.33211]
Broke Keepable Hand
[0.09803, 0.1503, 0.28555]
Broke Kept hand
0.4011463367287514
