Paris - 100000 iterations

Probabilities of good hands:
5,6,7,
0.33596,0.56126,0.71786,

hand sizes/types,theNutz,good_mix,landsAndSpells,
7,0.12135,0.20406,0.39245,
6,0.05897,0.10487,0.39742,
5,0.01804,0.0,0.31792,


After Draw
Probabilities of good hands:
5,6,7,
0.563,0.71932,0.8199,

hand sizes/types,theNutz,good_mix,landsAndSpells,
7,0.19258,0.27881,0.34851,
6,0.12042,0.20776,0.39114,
5,0.05912,0.10574,0.39814,


After Draw & Thoughtseize
Probabilities of good hands:
5,6,7,
0.5768028419182949,0.7691291775565812,0.8776924015123796,

hand sizes/types,theNutz,good_mix,landsAndSpells,
7,0.2348823027198439,0.34005366508110746,0.42506403219904865,
6,0.16740810765723182,0.2888283378746594,0.5437635544681088,
5,0.1050088809946714,0.1878152753108348,0.7071758436944938,

p of good hand by 5
0.91764
p of improvement after draw
7,6,5
[0.21291, 0.27228, 0.31927]
p of good hand after draw
0.97817

Thoughtseize Probabilities
7,6,5,Hurt Keepable Hand
[0.19197, 0.2357, 0.24432]
Broke Keepable Hand
[0.10028, 0.16607, 0.23826]
Broke Kept hand
0.18017959112505993
