Vancouver - 100000 iterations

Probabilities of good hands:
5,6,7,
0.33431,0.56075,0.71809,

hand sizes/types,theNutz,good_mix,landsAndSpells,
7,0.12282,0.20566,0.38961,
6,0.06015,0.10225,0.39835,
5,0.01746,0.0,0.31685,


After Draw
Probabilities of good hands:
5,6,7,
0.68627,0.8025,0.81999,

hand sizes/types,theNutz,good_mix,landsAndSpells,
7,0.19287,0.28052,0.3466,
6,0.16895,0.25715,0.3764,
5,0.09162,0.15978,0.43487,


After Draw & Thoughtseize
Probabilities of good hands:
5,6,7,
0.5981027875326038,0.7827289719626168,0.8785229088159612,

hand sizes/types,theNutz,good_mix,landsAndSpells,
7,0.23521018549006695,0.34210173294796276,0.42268808156197024,
6,0.21052959501557633,0.3204361370716511,0.4690342679127726,
5,0.13350430588543868,0.2328238156993603,0.633671878415201,

p of good hand by 5
0.91691
p of improvement after draw
7,6,5
[0.212, 0.426, 0.4944]
p of good hand after draw
0.98901

Thoughtseize Probabilities
7,6,5,Hurt Keepable Hand
[0.19448, 0.24022, 0.28193]
Broke Keepable Hand
[0.09961, 0.17436, 0.27581]
Broke Kept hand
0.14873869845459206
