Paris - 100000 iterations

Probabilities of good hands:
5,6,7,
0.1662,0.35318,0.53415,

hand sizes/types,T3KarnGG,Tron+payoff,Tron,solid_keep,
7,0.05383,0.08397,0.06751,0.32884,
6,0.02206,0.0394,0.05545,0.23627,
5,0.00522,0.01219,0.03626,0.11253,


After Draw
Probabilities of good hands:
5,6,7,
0.35109,0.53296,0.67762,

hand sizes/types,T3KarnGG,Tron+payoff,Tron,solid_keep,
7,0.10132,0.13345,0.06979,0.37306,
6,0.0538,0.0822,0.06637,0.33059,
5,0.02134,0.04042,0.05518,0.23415,


After Draw & Thoughtseize
Probabilities of good hands:
5,6,7,
0.3464353869378222,0.4995872110477334,0.6322717747410053,

hand sizes/types,T3KarnGG,Tron+payoff,Tron,solid_keep,
7,0.14952333166081286,0.19693928750627196,0.1029928278386116,0.5505445529943036,
6,0.10094566196337436,0.1542329630741519,0.1245309216451516,0.6202904533173221,
5,0.060782135634737534,0.11512717536813923,0.15716767780341223,0.666923011193711,

p of good hand by 5
0.74969
p of improvement after draw
7,6,5
[0.21162, 0.22272, 0.20303]
p of good hand after draw
0.903

Thoughtseize Probabilities
7,6,5,Hurt Keepable Hand
[0.25646, 0.27097, 0.23103]
Broke Keepable Hand
[0.24918, 0.2667, 0.22946]
Broke Kept hand
0.16370766583521187
