London - 100000 iterations

Probabilities of good hands:
5,6,7,
0.53199,0.53013,0.52804,

hand sizes/types,T3KarnGG,Tron+payoff,Tron,solid_keep,
7,0.05242,0.08308,0.06615,0.32639,
6,0.05288,0.08084,0.06696,0.32945,
5,0.04861,0.07458,0.0788,0.33,


After Draw
Probabilities of good hands:
5,6,7,
0.67653,0.67449,0.67364,

hand sizes/types,T3KarnGG,Tron+payoff,Tron,solid_keep,
7,0.10012,0.13217,0.06823,0.37312,
6,0.09165,0.12635,0.06627,0.39022,
5,0.08223,0.116,0.07313,0.40517,


After Draw & Thoughtseize
Probabilities of good hands:
5,6,7,
0.364551461132544,0.4263221100386959,0.6321032005225343,

hand sizes/types,T3KarnGG,Tron+payoff,Tron,solid_keep,
7,0.14862537854046673,0.19620271955347068,0.10128555311442314,0.5538863487916394,
6,0.13588044300137883,0.18732672092988778,0.09825201263176622,0.5785408234369672,
5,0.12154671633186999,0.17146320192748288,0.10809572376686917,0.598894357973778,

p of good hand by 5
0.8945
p of improvement after draw
7,6,5
[0.21222, 0.19853, 0.18717]
p of good hand after draw
0.96493

Thoughtseize Probabilities
7,6,5,Hurt Keepable Hand
[0.25492, 0.39982, 0.44739]
Broke Keepable Hand
[0.24783, 0.38694, 0.4299]
Broke Kept hand
0.3695248742314142
