London - 100000 iterations

Probabilities of good hands:
5,6,7,
0.5329,0.53178,0.5314,

hand sizes/types,T3KarnGG,Tron+payoff,Tron,solid_keep,
7,0.05268,0.08371,0.06742,0.32759,
6,0.05321,0.08329,0.06694,0.32834,
5,0.04874,0.07458,0.07786,0.33172,


After Draw
Probabilities of good hands:
5,6,7,
0.55897,0.58644,0.6748,

hand sizes/types,T3KarnGG,Tron+payoff,Tron,solid_keep,
7,0.09998,0.13283,0.069,0.37299,
6,0.08094,0.12203,0.06532,0.31815,
5,0.06265,0.10249,0.07168,0.32215,


After Draw & Thoughtseize
Probabilities of good hands:
5,6,7,
0.43242034456232,0.4928381420094127,0.6318612922347362,

hand sizes/types,T3KarnGG,Tron+payoff,Tron,solid_keep,
7,0.1481624184943687,0.19684350918790752,0.1022525192649674,0.5527415530527564,
6,0.13801923470431757,0.20808607871222973,0.11138394379646682,0.5425107427869859,
5,0.11208114925666851,0.18335509955811582,0.12823586238975257,0.576327888795463,

p of good hand by 5
0.89598
p of improvement after draw
7,6,5
[0.06763, 0.05387, 0.04148]
p of good hand after draw
0.93946

Thoughtseize Probabilities
7,6,5,Hurt Keepable Hand
[0.25589, 0.31017, 0.33432]
Broke Keepable Hand
[0.24842, 0.29742, 0.31726]
Broke Kept hand
0.6280274113261457
