Vancouver - 100000 iterations

Probabilities of good hands:
5,6,7,
0.16699,0.35591,0.53198,

hand sizes/types,T3KarnGG,Tron+payoff,Tron,solid_keep,
7,0.05216,0.08323,0.06721,0.32938,
6,0.02183,0.04046,0.05565,0.23797,
5,0.00564,0.01254,0.03637,0.11244,


After Draw
Probabilities of good hands:
5,6,7,
0.47513,0.64336,0.67484,

hand sizes/types,T3KarnGG,Tron+payoff,Tron,solid_keep,
7,0.09887,0.13351,0.06879,0.37367,
6,0.0829,0.11326,0.07191,0.37529,
5,0.0401,0.06295,0.06833,0.30375,


After Draw & Thoughtseize
Probabilities of good hands:
5,6,7,
0.3078315408414539,0.4670169112161154,0.6326092110722542,

hand sizes/types,T3KarnGG,Tron+payoff,Tron,solid_keep,
7,0.14650880208642048,0.19783948787860825,0.10193527354632209,0.5537164364886492,
6,0.12885476249689132,0.17604451628948023,0.11177256901268341,0.583328152200945,
5,0.08439795424410161,0.13249005535327174,0.14381327215709386,0.6392987182455327,

p of good hand by 5
0.74747
p of improvement after draw
7,6,5
[0.21297, 0.3659, 0.34165]
p of good hand after draw
0.93954

Thoughtseize Probabilities
7,6,5,Hurt Keepable Hand
[0.25495, 0.34688, 0.33072]
Broke Keepable Hand
[0.24793, 0.3429, 0.32887]
Broke Kept hand
0.1649832100284961
