London - 100000 iterations

Probabilities of good hands:
5,6,7,
0.53261,0.53024,0.52875,

hand sizes/types,T3KarnGG,Tron+payoff,Tron,solid_keep,
7,0.05282,0.08339,0.06569,0.32685,
6,0.05262,0.08334,0.06704,0.32724,
5,0.05176,0.08421,0.06593,0.33071,


After Draw
Probabilities of good hands:
5,6,7,
0.58696,0.58584,0.672,

hand sizes/types,T3KarnGG,Tron+payoff,Tron,solid_keep,
7,0.09985,0.13314,0.06794,0.37107,
6,0.08066,0.12148,0.06666,0.31704,
5,0.07841,0.12208,0.06551,0.32096,


After Draw & Thoughtseize
Probabilities of good hands:
5,6,7,
0.5018570260324383,0.4965348900723747,0.6315922619047619,

hand sizes/types,T3KarnGG,Tron+payoff,Tron,solid_keep,
7,0.14858630952380952,0.198125,0.10110119047619047,0.5521875,
6,0.13768264372524922,0.20736037143247302,0.11378533387955755,0.5411716509627202,
5,0.1335866157830176,0.20798691563309255,0.11160896824315115,0.5468175003407387,

p of good hand by 5
0.89549
p of improvement after draw
7,6,5
[0.06722, 0.05353, 0.0528]
p of good hand after draw
0.9428

Thoughtseize Probabilities
7,6,5,Hurt Keepable Hand
[0.25472, 0.30777, 0.30461]
Broke Keepable Hand
[0.24757, 0.29495, 0.29239]
Broke Kept hand
0.3702107226211348
