London - 100000 iterations

Probabilities of good hands:
5,6,7,
0.8608,0.85863,0.86158,

hand sizes/types,PerfectCurve,GoodCurve,keepable,
7,0.32691,0.25742,0.27725,
6,0.32119,0.25912,0.27832,
5,0.0,0.4947,0.3661,


After Draw
Probabilities of good hands:
5,6,7,
0.92522,0.92392,0.9252,

hand sizes/types,PerfectCurve,GoodCurve,keepable,
7,0.50931,0.20799,0.2079,
6,0.48746,0.22073,0.21573,
5,0.28977,0.35382,0.28163,


After Draw & Thoughtseize
Probabilities of good hands:
5,6,7,
0.8530403579689155,0.9343666118278638,0.9532533506268915,

hand sizes/types,PerfectCurve,GoodCurve,keepable,
7,0.5504863813229572,0.22480544747081713,0.2247081712062257,
6,0.5275997921898,0.23890596588449217,0.23349424192570786,
5,0.31319037634292385,0.38241715483884914,0.304392468818227,

p of good hand by 5
0.99732
p of improvement after draw
7,6,5
[0.28583, 0.27836, 0.45195]
p of good hand after draw
0.99953

Thoughtseize Probabilities
7,6,5,Hurt Keepable Hand
[0.2245, 0.32595, 0.40033]
Broke Keepable Hand
[0.04325, 0.06064, 0.13597]
Broke Kept hand
0.15553683872779048
