London - 100000 iterations

Probabilities of good hands:
5,6,7,
0.86122,0.86294,0.86086,

hand sizes/types,PerfectCurve,GoodCurve,keepable,
7,0.32592,0.25689,0.27805,
6,0.32541,0.2593,0.27823,
5,0.0,0.49124,0.36998,


After Draw
Probabilities of good hands:
5,6,7,
0.92667,0.92672,0.92455,

hand sizes/types,PerfectCurve,GoodCurve,keepable,
7,0.50692,0.20825,0.20938,
6,0.49285,0.2204,0.21347,
5,0.28727,0.35473,0.28467,


After Draw & Thoughtseize
Probabilities of good hands:
5,6,7,
0.852590458307704,0.9360324585635359,0.9529933481152993,

hand sizes/types,PerfectCurve,GoodCurve,keepable,
7,0.5482883564977556,0.22524471364447568,0.22646692985776865,
6,0.5318219095303868,0.23782803867403315,0.2303500517955801,
5,0.31000248200546043,0.3828007812921536,0.30719673670238595,

p of good hand by 5
0.99735
p of improvement after draw
7,6,5
[0.28434, 0.27966, 0.44993]
p of good hand after draw
0.99954

Thoughtseize Probabilities
7,6,5,Hurt Keepable Hand
[0.22239, 0.32609, 0.40142]
Broke Keepable Hand
[0.04346, 0.05928, 0.1366]
Broke Kept hand
0.1560435153155863
