Vancouver - 100000 iterations

Probabilities of good hands:
5,6,7,
0.7818,0.89222,0.94963,

hand sizes/types,PerfectCurve,GoodCurve,keepable,
7,0.32571,0.25707,0.36685,
6,0.13515,0.25271,0.50436,
5,0.0,0.14454,0.63726,


After Draw
Probabilities of good hands:
5,6,7,
0.89245,0.94961,0.97747,

hand sizes/types,PerfectCurve,GoodCurve,keepable,
7,0.50886,0.20705,0.26156,
6,0.43052,0.2523,0.26679,
5,0.20816,0.30588,0.37841,


After Draw & Thoughtseize
Probabilities of good hands:
5,6,7,
0.8749845929743963,0.9444824717515612,0.956244181407102,

hand sizes/types,PerfectCurve,GoodCurve,keepable,
7,0.5205888671775093,0.21182235771941849,0.2675887751030722,
6,0.4533650656585335,0.26568801929213043,0.28094691504933605,
5,0.23324555997534877,0.3427418903019777,0.42401254972267355,

p of good hand by 5
0.99882
p of improvement after draw
7,6,5
[0.24483, 0.46294, 0.47048]
p of good hand after draw
0.99994

Thoughtseize Probabilities
7,6,5,Hurt Keepable Hand
[0.22179, 0.1663, 0.14959]
Broke Keepable Hand
[0.04277, 0.05272, 0.11157]
Broke Kept hand
0.11186199715664484
