Vancouver - 100000 iterations

Probabilities of good hands:
5,6,7,
0.57378,0.75254,0.86025,

hand sizes/types,PerfectCurve,GoodCurve,keepable,
7,0.32541,0.2552,0.27964,
6,0.13531,0.257,0.36023,
5,0.0,0.14486,0.42892,


After Draw
Probabilities of good hands:
5,6,7,
0.83984,0.91593,0.92414,

hand sizes/types,PerfectCurve,GoodCurve,keepable,
7,0.50788,0.20729,0.20897,
6,0.42865,0.25406,0.23322,
5,0.20285,0.30821,0.32878,


After Draw & Thoughtseize
Probabilities of good hands:
5,6,7,
0.8387430939226519,0.9323419912002009,0.9543792066137166,

hand sizes/types,PerfectCurve,GoodCurve,keepable,
7,0.5495704114095267,0.22430584110632587,0.22612374748414743,
6,0.46799427903879115,0.27737927570884235,0.25462644525236644,
5,0.24153410173366355,0.366986568870261,0.39147932939607544,

p of good hand by 5
0.98597
p of improvement after draw
7,6,5
[0.28628, 0.57077, 0.6603]
p of good hand after draw
0.99886

Thoughtseize Probabilities
7,6,5,Hurt Keepable Hand
[0.22127, 0.17758, 0.17286]
Broke Keepable Hand
[0.04216, 0.06197, 0.13543]
Broke Kept hand
0.07405904844974999
