Vancouver - 100000 iterations

Probabilities of good hands:
5,6,7,
0.57408,0.75277,0.86164,

hand sizes/types,PerfectCurve,GoodCurve,keepable,
7,0.32824,0.25507,0.27833,
6,0.13391,0.25658,0.36228,
5,0.0,0.14204,0.43204,


After Draw
Probabilities of good hands:
5,6,7,
0.75169,0.86124,0.92463,

hand sizes/types,PerfectCurve,GoodCurve,keepable,
7,0.50911,0.20856,0.20696,
6,0.4084,0.25046,0.20238,
5,0.17385,0.30451,0.27333,


After Draw & Thoughtseize
Probabilities of good hands:
5,6,7,
0.8518937327887827,0.9392039385072686,0.954857618723165,

hand sizes/types,PerfectCurve,GoodCurve,keepable,
7,0.5506094329623742,0.22556049446805748,0.22383007256956836,
6,0.4741999907110678,0.2908132460173703,0.23498676327156193,
5,0.23127885165427237,0.40510050685788024,0.3636206414878474,

p of good hand by 5
0.98515
p of improvement after draw
7,6,5
[0.22274, 0.409, 0.39183]
p of good hand after draw
0.9975

Thoughtseize Probabilities
7,6,5,Hurt Keepable Hand
[0.22152, 0.16695, 0.14959]
Broke Keepable Hand
[0.04174, 0.05236, 0.11133]
Broke Kept hand
0.07475003806526925
