London - 100000 iterations

Probabilities of good hands:
5,6,7,
0.86196,0.85948,0.8596,

hand sizes/types,PerfectCurve,GoodCurve,keepable,
7,0.32813,0.25415,0.27732,
6,0.32437,0.25665,0.27846,
5,0.0,0.48946,0.3725,


After Draw
Probabilities of good hands:
5,6,7,
0.92581,0.92442,0.924,

hand sizes/types,PerfectCurve,GoodCurve,keepable,
7,0.50844,0.20741,0.20815,
6,0.49032,0.21935,0.21475,
5,0.28802,0.35182,0.28597,


After Draw & Thoughtseize
Probabilities of good hands:
5,6,7,
0.8539009083937309,0.9367387118409382,0.9537554112554113,

hand sizes/types,PerfectCurve,GoodCurve,keepable,
7,0.5502597402597402,0.22446969696969696,0.22527056277056276,
6,0.5304082559875382,0.23728391856515438,0.2323078254473075,
5,0.31110054978883356,0.38001317764984177,0.30888627256132467,

p of good hand by 5
0.99713
p of improvement after draw
7,6,5
[0.22105, 0.21219, 0.38648]
p of good hand after draw
0.99942

Thoughtseize Probabilities
7,6,5,Hurt Keepable Hand
[0.22423, 0.32492, 0.39701]
Broke Keepable Hand
[0.04273, 0.05848, 0.13526]
Broke Kept hand
0.15496474882913963
