London - 100000 iterations

Probabilities of good hands:
5,6,7,
0.94927,0.9494,0.94891,

hand sizes/types,PerfectCurve,GoodCurve,keepable,
7,0.32863,0.25514,0.36514,
6,0.32743,0.25735,0.36462,
5,0.0,0.48759,0.46168,


After Draw
Probabilities of good hands:
5,6,7,
0.97654,0.97728,0.97695,

hand sizes/types,PerfectCurve,GoodCurve,keepable,
7,0.50739,0.20858,0.26098,
6,0.49187,0.22144,0.26397,
5,0.28886,0.34785,0.33983,


After Draw & Thoughtseize
Probabilities of good hands:
5,6,7,
0.855837958506564,0.9395260314341847,0.9555453196171759,

hand sizes/types,PerfectCurve,GoodCurve,keepable,
7,0.5193612774451097,0.2135012027227596,0.26713751983213063,
6,0.5033050916830386,0.2265880812049771,0.2701068271119843,
5,0.2957994552194483,0.3562066070002253,0.34799393778032645,

p of good hand by 5
0.99992
p of improvement after draw
7,6,5
[0.24114, 0.2347, 0.40722]
p of good hand after draw
0.99999

Thoughtseize Probabilities
7,6,5,Hurt Keepable Hand
[0.22394, 0.32849, 0.40072]
Broke Keepable Hand
[0.04343, 0.0591, 0.14078]
Broke Kept hand
0.195305624449956
