Paris - 100000 iterations

Probabilities of good hands:
5,6,7,
0.7819,0.89285,0.95025,

hand sizes/types,PerfectCurve,GoodCurve,keepable,
7,0.32919,0.25324,0.36782,
6,0.13457,0.25585,0.50243,
5,0.0,0.14304,0.63886,


After Draw
Probabilities of good hands:
5,6,7,
0.89172,0.95076,0.97812,

hand sizes/types,PerfectCurve,GoodCurve,keepable,
7,0.51025,0.20701,0.26086,
6,0.32647,0.2565,0.36779,
5,0.13485,0.2535,0.50337,


After Draw & Thoughtseize
Probabilities of good hands:
5,6,7,
0.8161754810927196,0.9066325886659093,0.9569275753486279,

hand sizes/types,PerfectCurve,GoodCurve,keepable,
7,0.5216640085061137,0.21164069848280376,0.26669529301108247,
6,0.34337792923555893,0.2697841726618705,0.3868378981025706,
5,0.1512245996501144,0.2842820616336967,0.5644933387161889,

p of good hand by 5
0.99878
p of improvement after draw
7,6,5
[0.24427, 0.30364, 0.30945]
p of good hand after draw
0.9999

Thoughtseize Probabilities
7,6,5,Hurt Keepable Hand
[0.22157, 0.25677, 0.23326]
Broke Keepable Hand
[0.04213, 0.08877, 0.16392]
Broke Kept hand
0.19115320691243318
