Paris - 100000 iterations

Probabilities of good hands:
5,6,7,
0.57469,0.75252,0.86142,

hand sizes/types,PerfectCurve,GoodCurve,keepable,
7,0.32638,0.25617,0.27887,
6,0.13553,0.25733,0.35966,
5,0.0,0.14613,0.42856,


After Draw
Probabilities of good hands:
5,6,7,
0.75077,0.8606,0.92479,

hand sizes/types,PerfectCurve,GoodCurve,keepable,
7,0.508,0.20844,0.20835,
6,0.32687,0.25915,0.27458,
5,0.13675,0.2554,0.35862,


After Draw & Thoughtseize
Probabilities of good hands:
5,6,7,
0.785500219774365,0.9006507088078085,0.9528974145481677,

hand sizes/types,PerfectCurve,GoodCurve,keepable,
7,0.5493138982904227,0.22539171055050336,0.22529439115907396,
6,0.3798164071577969,0.3011271206135254,0.31905647222867767,
5,0.18214632976810474,0.3401840776802483,0.477669592551647,

p of good hand by 5
0.98517
p of improvement after draw
7,6,5
[0.28514, 0.38134, 0.44493]
p of good hand after draw
0.99711

Thoughtseize Probabilities
7,6,5,Hurt Keepable Hand
[0.2248, 0.2534, 0.23167]
Broke Keepable Hand
[0.04356, 0.0855, 0.16104]
Broke Kept hand
0.14890831024087214
